D C 384.5 -142.4 1422.4 -344.5 1757.6 328.2 1140.1 615.5 568.2 615.2 938.2 1336.5
D C 385.9 -143.5 1422.9 -344.7 1757.9 328.2 1139.9 615.4 570.4 617.6 938.5 1336.9
D C 386.0 -143.6 1424.6 -345.3 1757.5 328.2 1140.8 615.9 570.8 618.0 940.4 1339.7
D C 385.9 -143.5 1424.0 -345.1 1754.0 327.7 1139.2 615.1 570.1 617.3
D C 385.0 -142.8 1426.0 -345.7 1755.2 327.9 1139.4 615.2 566.9 613.7 939.2 1338.0
D C 384.8 -142.7 1420.7 -344.0 1757.3 328.1 1140.1 615.5 567.5 614.4 937.7 1335.7
D C 384.5 -142.4 1424.0 -345.1 1751.5 327.3 1142.9 616.9 569.3 616.3 938.5 1336.9
D C 384.7 -142.6 1423.9 -345.0 1753.5 327.6 1142.3 616.7 570.3 617.5 939.1 1337.7
D C 384.8 -142.7 1423.0 -344.7 1756.4 328.0 1139.9 619.5 569.3 616.3 938.8 1337.4
D C 385.7 -143.3 1422.2 -340.0 1755.1 327.8 1140.8 615.9 568.9 615.9 938.5 1336.9
D C 383.9 -141.9 1424.5 -345.2 1755.5 327.9 1142.8 616.9 569.3 616.4 939.6 1338.6
D C 384.8 -142.6 1422.9 -344.7 1758.9 328.4 1142.4 616.7 568.6 615.6 938.3 1336.6
D C 384.8 -142.6 1428.5 -346.5 1757.3 328.1 1140.5 615.7 568.8 619.1 938.4 1336.7
D C 385.1 -142.9 1421.9 -344.4 1755.3 327.9 1139.4 619.2 568.8 615.8 938.1 1336.3
D C 376.2 -143.0 1408.6 -340.0 1722.5 328.3 1086.9 600.4 549.2 616.6
D C 338.4 -137.6 1370.0 -344.9 1693.1 319.0 1061.6 598.8 521.8 613.6
D C 306.8 -129.2 1335.1 -337.3 1648.4 322.4 1013.7 595.6 481.2 604.9
D C 1523.7 -761.9 1981.5 -83.2 2109.4 758.8 1415.5 1221.0 792.8 1248.3
D C 1436.2 -796.2 1934.5 -73.1 2049.8 772.6 1341.0 1253.9 689.8 1205.8
D C 1353.5 -798.4 1900.5 -81.3 2019.0 775.2 1297.3 1269.8
D C 1240.1 -794.9 1866.8 -83.7 1975.2 785.8 1244.6 1289.7
D C 1130.5 -789.7 1837.3 -80.8 1934.8 796.7 1185.2 1315.2
D C 1086.0 -783.9 1819.1 -79.0 1909.6 806.3 1155.0 1326.5
D C 933.1 -772.7 1772.5 -84.9 1858.2 811.3 1067.8 1344.8
D C 837.6 -770.1 1743.5 -87.0 1827.2 811.1 1060.6 1351.5 247.7 600.1
D C 306.3 -613.5 1708.8 -83.3 1776.1 832.7 931.9 1360.4
D C 306.6 -630.1 1672.0 -94.1 1735.2 839.0 915.6 1369.7 185.7 605.9
D C 306.7 -638.4 1643.8 -86.0 1689.9 854.2 930.1 1374.8 467.1 1562.0 122.8 767.5
D C 302.7 -649.8 1612.4 -87.1 1647.0 863.2 833.9 1377.6 131.0 607.2
D C 295.5 -668.3 1565.8 -90.9 1584.0 878.2 665.2 1434.6
D C 295.6 -678.1 1548.7 -88.8 1558.5 888.0 753.7 1391.0 72.0 610.9
D C 331.9 -688.1 1134.0 325.3 536.2 568.1 230.9 1487.2
D C 289.4 -724.4 1463.4 -99.8 1448.3 916.9 637.8 1404.0 0.4 613.5
D C 286.9 -736.1 1446.0 -105.9 1430.1 917.1 675.2 1412.8 113.8 1436.2
D C 275.7 -746.2 1400.7 -107.5 1365.0 937.6 558.7 1416.0 -54.2 622.2
D C 273.7 -749.0 1386.4 -105.4 1340.6 943.8 582.9 1431.7 20.2 1407.4
D C 653.5 -280.9 964.0 329.7 385.9 564.5 -34.6 1385.7
D C 618.7 -276.9 929.2 325.7 360.6 561.7 -73.9 1378.3
D C 586.2 -275.1 898.2 325.0 331.9 560.6 -116.9 1369.7
D C 224.3 -774.0 1238.7 -112.1 1120.5 1014.0 351.9 1478.6
D C 216.6 -777.1 1222.9 -120.0 1100.8 1013.2 286.9 1453.5
D C 206.4 -782.2 1190.2 -121.0 1055.6 1027.9 279.6 1493.7
D C 188.1 -788.4 1156.9 -128.2 1008.8 1038.8 181.9 1465.0
D C 172.2 -793.7 1124.1 -131.4 957.6 1054.6 118.5 1464.7
D C 161.6 -797.2 1106.9 -134.3 931.8 1061.4 93.2 1466.9
D C 132.0 -806.8 1061.4 -139.9 858.3 1082.2 49.2 1527.2
D C 110.0 -810.9 1027.5 -147.1 843.5 481.7 116.9 556.2
D C 87.9 -815.6 999.8 -152.0 763.3 1112.9 -55.4 1468.9
D C 59.9 -821.9 966.7 -160.6 714.7 1126.8 -122.6 1287.8
D C 20.0 -829.4 921.3 -169.9 639.9 1151.8 -171.9 1204.2
D C 8.6 -830.8 906.6 -170.8 612.7 1163.0
D C -37.8 -834.9 868.7 -177.2 538.2 1184.0
D C -49.5 -835.4 856.7 -178.4 511.1 1194.2
D C 178.5 -244.7 438.8 325.0
D C 142.4 -240.6 393.9 323.0 -201.2 1006.9
D C 129.6 -245.6 376.5 324.0
D C -204.6 -813.4 753.0 -196.0 294.4 1251.9
D C -222.5 -811.7 743.4 -196.6 265.8 1256.4
D C -254.4 -813.0 728.8 -192.6 215.9 1265.9
D C -310.3 -814.8 709.5 -188.6
D C -324.9 -810.2 703.3 -185.8
D C -366.5 -791.5 687.8 -167.9
D C -376.9 -772.3 680.6 -171.3
D C -82.7 -267.4 168.2 286.0
D C 622.9 -213.5
D C 614.1 -202.1 -40.3 1490.1
D C 586.1 -166.9 -66.8 1621.9
D C 580.2 -152.5 -86.6 1672.0
D C 571.0 -131.7 -101.8 1717.1
D C 97.2 221.9
D C 575.1 -95.0 -353.6 1615.3
D C 609.7 -70.7
D C
D C 205.7 1610.9
D C 104.6 1816.7
D C 166.9 1786.9
D C 556.2 1504.8 23.6 913.3
D C 606.4 1482.4 49.1 909.5 -104.5 1317.2
D C 602.5 1694.7 84.1 1627.8 -154.6 1880.7
D C 864.6 1298.7 187.4 884.9 -110.6 1991.9
D C 773.4 1609.6 193.5 1450.0
D C 1023.4 1115.1 291.0 855.0 20.0 2119.5
D C 1063.0 1064.4 315.3 834.6 57.4 2118.0
D C 1141.4 906.6 378.6 788.2 246.9 2071.4 -125.4 1261.9 -266.6 1650.2
D C 1200.5 1229.8 476.7 1009.5 45.8 659.0
D C 1228.9 1237.6 490.2 2016.8 -158.2 1790.3
D C 1339.1 1066.3 376.2 1950.3
D C 1367.4 1008.8 716.9 1935.1
D C 1448.9 807.0 521.9 1866.2
D C 1224.0 185.0 546.5 501.8
D C 1212.7 128.7 554.7 479.2
D C 1158.2 18.6 841.1 572.9 689.9 1770.5 -262.2 1422.4
D C 1140.9 -6.2 820.0 553.1 702.9 1758.2 -321.3 1589.7
D C 295.0 -349.5 1444.5 395.2 493.6 397.6 -127.6 1129.6
D C 291.0 -347.9 974.3 647.1 643.5 1752.7
D C 289.3 -347.7 1383.9 398.3 435.3 390.2 -193.0 1134.4
D C 288.9 -350.4 1353.6 382.9 406.3 384.3 -213.1 1132.4
D C 286.5 -348.8 1336.4 387.0 390.2 385.1 -225.2 1137.8
D C 283.5 -349.2 884.2 703.0 347.0 379.3 -277.1 1144.0
D C 281.3 -347.9 1256.3 390.7 1156.0 1100.3 299.6 1757.4
D C 278.0 -347.6 1223.7 386.0 1153.5 1181.6 227.0 1755.4
D C 274.6 -347.2 1191.6 381.2 1150.7 1254.8 150.0 1752.5
D C 271.3 -346.8 1177.2 377.4 1144.0 1298.7
D C 265.9 -345.0 1127.0 381.3 1096.2 1423.0
D C 264.1 -344.5 1112.4 380.5 1064.5 1458.0
D C 257.5 -343.3 1067.8 384.1 969.4 1529.4
D C 254.1 -342.4 1037.5 381.4 881.0 1572.5
D C 251.0 -342.1 1021.5 373.3 837.5 1589.3
D C 242.6 -339.6 975.4 374.2 694.6 1605.0
D C 237.8 -338.5 535.6 672.8 65.1 366.5
D C 233.2 -338.0 914.4 371.5 502.1 1658.2
D C 213.2 -343.7 902.0 315.4 503.2 1643.0
D C 200.3 -348.9 512.4 628.7 31.5 369.6
D C 155.6 -369.1 877.4 156.0 597.8 1599.8 -514.3 1775.0
D C 103.7 -392.1 562.9 478.7 45.0 373.7
D C 533.8 -331.9 738.2 1543.2
D C 40.8 -413.7 571.1 399.3 53.8 374.2
D C -2.5 -426.4 725.1 -170.2 872.5 1483.7
D C -54.5 -439.8 565.9 292.7 63.6 374.2
D C -78.8 -444.3 636.7 -274.7 982.4 1427.8
D C -159.2 -459.5 539.1 -358.4 1124.6 1291.2 223.4 1499.5 -309.2 1494.8
D C -205.6 -448.0 514.0 136.0 395.4 1398.2 82.9 370.3 -201.7 970.7
D C -99.8 -265.7 489.7 74.4 538.7 1347.0 99.8 362.0 -112.1 1000.0
D C 311.3 -472.1 1414.4 830.9 623.5 1629.2 -4.4 985.0
D C 231.7 -481.3 1500.1 542.6 797.7 1520.4 99.7 933.9
D C 206.5 -484.3 1513.7 433.8 847.8 1479.3
D C 147.7 -491.3 1523.2 205.6 961.3 1378.9
D C 86.8 -497.5 1494.6 -12.6 1049.8 1276.1
D C 22.9 -502.3 1423.9 -234.4 1128.7 1169.3
D C -6.9 -503.7 1375.7 -338.0 1166.0 1116.0
D C 106.0 -194.7 1198.6 419.8 521.0 668.3
D C 51.7 -200.6 1173.8 313.4 580.4 711.5
D C 7.8 -204.2 1146.6 270.8 593.7 716.4 132.8 226.9
D C -33.6 -209.0 1110.4 226.2 583.3 699.6 115.5 222.8
D C -63.0 -224.1 1064.8 223.1 546.6 702.6 86.6 225.1
D C -71.0 -225.7 1034.2 221.9 525.5 693.5 76.8 227.5
D C 723.0 -855.9 1177.5 770.5 415.4 1360.1
D C 972.7 221.6 465.9 692.8
D C 935.0 221.3 436.1 697.6
D C 903.1 218.9 413.1 695.5
D C 872.3 221.4 380.6 700.7
D C 824.6 225.0 334.9 698.3
D C 1014.0 -447.6 966.5 810.4
D C 768.4 221.1 295.5 700.9
D C 714.4 216.7 251.6 697.5
D C 702.3 218.1 235.4 695.8
D C 649.9 216.2 193.9 702.6
D C 633.6 217.8 180.2 701.0
D C 833.6 -453.6 751.3 853.1
D C 794.5 -448.6 700.0 867.9
D C 537.5 212.7 95.2 704.0
D C 688.2 -514.7 723.2 807.2
D C 642.6 -549.6 756.3 765.6
D C 516.0 -629.6 834.9 650.5
D C 387.9 -687.7 888.9 536.9
D C 305.5 -725.1 933.6 395.5
D C 328.8 -122.2 440.2 512.1
D C 305.9 -146.4 461.2 480.5
D C 37.4 -776.8 914.3 -55.0 507.2 1270.0
D C -56.5 -790.4 862.2 -191.0 651.7 1199.5
D C -153.6 -803.4 787.0 -312.7 777.8 1114.2
D C 27.5 -230.8 528.7 154.0 195.0 620.2
D C -355.8 -811.1 589.0 -517.1 1007.8 878.0 36.3 1518.2
D C -71.4 -224.0 485.3 24.2 303.9 561.7 -14.8 1028.2
D C 342.8 -643.2 1167.0 564.4 387.7 1459.8
D C 274.0 -652.0 1211.1 397.5 371.4 490.2 160.7 1018.8
D C 179.2 -666.8 1211.7 180.5 674.5 1308.9
D C 164.8 -663.7 1193.6 155.2 384.1 425.2 259.1 986.9
D C 92.9 -659.1 1141.4 35.9 772.5 732.8 642.6 1270.1
D C 67.7 -655.6 1123.4 8.2 347.0 394.0 259.4 973.2
D C 38.1 -652.3 1092.8 -20.5 1045.2 1029.2 562.3 1273.7
D C -11.8 -646.5 1047.5 -60.3 278.8 390.6 187.1 972.1
D C -27.5 -643.6 1076.6 24.0 439.7 1285.4
D C -86.6 -636.3 980.1 -117.8 894.1 1122.0 336.3 1294.4
D C -123.7 -632.4 941.7 -150.6 399.0 660.7 201.2 384.2 100.1 969.9
D C -142.0 -628.8 923.9 -159.5 798.1 1151.5 237.3 1291.8
D C -201.2 -620.7 864.4 -202.6 702.8 1173.7 124.9 1255.3
D C -221.6 -620.2 847.1 -212.1 672.2 1181.3 99.5 1211.7
D C -267.9 -566.2 775.9 -278.6 642.4 1164.8 27.0 935.4
D C -26.6 -163.1 676.0 1090.1 40.5 848.4
D C -52.2 -170.6 774.3 692.2 105.9 352.8
D C 628.1 -393.9 100.2 350.3
D C 616.5 -392.4 659.2 1096.5
D C 575.0 -388.3 684.4 1069.7 86.7 342.8
D C 559.0 -387.0 203.4 875.0
D C 511.4 -377.1 739.6 984.4 192.9 1253.0
D C 508.2 -348.6 253.0 912.7 67.7 338.4
D C 457.3 -365.3 800.3 894.5 266.5 1494.1 -313.8 1510.9
D C 395.6 -351.9 363.1 855.2 75.7 331.3
D C 365.0 -349.5 896.9 708.8 431.8 1662.8
D C 336.7 -351.0 442.8 786.9 77.0 322.3
D C 307.3 -354.4 942.6 543.2 541.2 1650.2
D C 295.9 -358.7 947.2 505.9 564.6 1641.5
D C 251.6 -374.1 538.2 647.3 79.7 310.9
D C 223.7 -386.2 560.1 603.1 79.8 307.7
D C 205.9 -396.3 929.0 228.3 646.5 1535.9
D C 180.5 -402.6 541.4 547.6 50.5 304.7
D C 456.6 -181.5 532.7 538.8 206.9 1626.6
D C 844.2 143.9 437.7 1600.2
D C 792.8 73.3 382.2 1613.6
D C 751.9 64.1
D C 107.3 -412.5 396.2 525.5
D C 152.6 -378.8 382.1 527.9
D C 128.7 -371.4 337.5 524.6
D C 104.3 -365.8 291.0 522.6
D C 94.5 -360.4 276.4 525.6
D C 2.4 -416.8 263.0 519.8
D C 551.2 -165.2
D C -85.4 -416.0 256.9 486.9
D C -31.2 -281.8 248.5 460.6
D C -162.8 -398.1 246.7 453.2
D C 508.6 -150.1 45.4 1851.7
D C 504.2 -147.6 61.2 1882.3
D C 492.1 -153.9 183.2 1902.3
D C 482.0 -154.5 228.7 1912.3
D C 459.5 -153.3 383.7 1960.9
D C 244.2 337.3 81.4 1341.3 -294.9 1901.6
D C 452.7 -163.4 539.5 2015.5 -212.0 1922.2
D C 459.3 -154.8 474.3 2029.6 -195.6 1928.3
D C 443.0 -155.0 193.9 306.6 213.7 1652.2
D C 428.0 -141.5 155.2 300.7 193.6 1639.2
D C 524.1 -141.6 -172.2 1925.6
D C 409.5 -155.8 130.7 277.3 -308.7 1306.4
D C 405.1 -161.8 116.7 270.9 -282.7 1357.2
D C 402.4 -166.0 108.1 269.2 -261.9 1421.2
D C 672.1 -174.0 508.1 1681.2 -316.2 1626.6
D C 393.8 -197.1 551.4 1246.3 514.8 1860.5 -163.7 784.1
D C 1180.7 1348.5 500.2 1871.7
D C 1234.2 1278.9 486.3 1886.9
D C 1272.9 1204.1 517.9 1897.7
D C 1310.8 1125.2 598.2 1867.9 -48.3 2025.6
D C 874.2 1234.9 199.7 1475.6 -32.7 781.3
D C 1363.6 994.3 732.0 1805.0 45.2 2103.9 -254.0 1514.5
D C 939.4 1159.7 288.2 1462.2 -5.5 822.5
D C 1408.1 811.5 880.6 1712.9 199.3 2095.0 -292.1 1572.2
D C 377.2 -342.0 1250.2 1216.8 943.5 1666.3 266.1 2080.6
D C 363.9 -366.3 1045.3 951.8 477.4 1384.8 59.5 839.7
D C 355.6 -374.6 1057.5 905.3 514.9 1379.3 78.1 831.3
D C 343.0 -389.6 1061.8 835.3 558.6 1341.7 89.4 833.6
D C 324.3 -400.6 1080.0 765.9 613.4 1303.3 116.7 831.1
D C 631.7 -454.2 1228.8 1356.2 590.9 1927.4
D C 614.4 -470.2 1263.5 1279.8 614.2 1882.0
D C 641.7 -450.8 667.4 1222.0 123.4 827.7
D C 638.4 -437.8 637.7 1223.1 93.9 818.9
D C 246.9 -393.6 1232.0 150.5 1151.5 1307.3 437.1 1870.6
D C 600.5 -426.0 1134.1 1309.8 408.2 1866.9
D C 563.5 -403.5 910.0 624.3 524.0 1217.6 -6.8 832.8
D C 588.0 -395.2 1060.2 1327.2 289.7 1853.8
D C 571.1 -370.2 1003.5 1339.6 201.7 1841.8
D C 561.8 -353.1 973.1 1345.9 158.3 1835.3
D C 551.6 -354.3 1004.2 1316.7 200.7 1826.8
D C 526.3 -356.5 1056.2 1247.3 268.6 1808.8
D C 507.7 -356.2 1085.0 1210.0 320.0 1793.1
D C 479.5 -363.7 1147.1 1110.5 414.9 1756.7
D C 471.6 -368.5 1167.2 1067.8 449.3 1743.2
D C 455.1 -377.1 1200.7 1002.9 506.5 1715.7
D C 464.2 -385.8 1156.2 1011.1 433.2 1717.1
D C 466.5 -385.6 1143.8 1017.4 412.1 1715.9
D C 476.3 -383.0 1091.3 1044.8 325.6 1721.0
D C 476.6 -380.3 1073.8 1045.5 305.3 1722.1
D C 475.1 -369.9 1036.4 1067.3 249.5 1722.1
D C 474.1 -354.6 987.5 1087.9 169.0 1723.9
D C 470.8 -350.8 969.9 1099.0 149.0 1724.4
D C 472.2 -333.6 915.7 1123.2 68.7 1726.5
D C 469.9 -323.4 882.2 1146.2 23.5 1726.6
D C 470.5 -316.5 862.0 1159.7 3.2 1728.8
D C 471.2 -297.7 799.8 1205.1
D C 472.9 -290.0 777.9 1223.9
D C 471.5 -270.4 719.0 1269.0
D C 471.8 -261.9 694.0 1292.1
D C 472.7 -243.7 638.9 1351.7
D C 473.2 -222.0 585.2 1412.7
D C 473.5 -224.2 586.3 1415.8
D C 473.3 -224.1 585.8 1414.5
D C 472.8 -223.7 585.6 1413.8 128.9 1167.3
D C 473.1 -224.0 585.5 1413.7
D C 473.4 -224.2 585.8 1414.5
D C 472.9 -223.8 585.5 1413.8
