F 1850.000000 1897.000000 3.717551
F 1850.000000 1897.000000 3.717551
F 1850.000000 1897.000000 3.717551
F 1850.000000 1897.000000 3.717551
F 1850.000000 1897.000000 3.717551
F 1850.000000 1897.000000 3.717551
F 1850.000000 1897.000000 3.717551
F 1850.000000 1897.000000 3.717551
F 1850.000000 1897.000000 3.717551
F 1850.000000 1897.000000 3.717551
F 1850.000000 1897.000000 3.717551
F 1850.000000 1897.000000 3.717551
F 1850.000000 1897.000000 3.717551
F 1829.218582 1883.504389 3.717551
F 1792.046186 1859.364353 3.717551
F 1754.410135 1834.977153 3.715534
F 1716.602959 1810.533179 3.715534
F 1716.602959 1810.533179 3.715534
F 1679.088862 1786.278694 3.715534
F 1641.452810 1761.891493 3.717551
F 1603.816759 1737.504293 3.715534
F 1566.180708 1713.117092 3.717551
F 1566.180708 1713.117092 3.717551
F 1528.544657 1688.729892 3.715534
F 1490.908606 1664.342692 3.717551
F 1490.908606 1664.342692 3.717551
F 1453.272555 1639.955491 3.715534
F 1415.636504 1615.568291 3.717551
F 1378.000453 1591.181091 3.715534
F 1340.364402 1566.793890 3.717551
F 1302.728351 1542.406690 3.715534
F 1302.728351 1542.406690 3.715534
F 1265.092300 1518.019489 3.717551
F 1227.456249 1493.632289 3.715534
F 1189.649073 1469.188315 3.715534
F 1189.649073 1469.188315 3.715534
F 1152.134975 1444.933830 3.715534
F 1114.498924 1420.546629 3.717551
F 1076.862873 1396.159429 3.715534
F 1039.055697 1371.715455 3.715534
F 1039.055697 1371.715455 3.715534
F 1001.541599 1347.460969 3.715534
F 963.905548 1323.073769 3.717551
F 926.269497 1298.686569 3.715534
F 926.269497 1298.686569 3.715534
F 888.633446 1274.299368 3.717551
F 850.997395 1249.912168 3.715534
F 813.190219 1225.468194 3.715534
F 775.089963 1200.834732 3.715534
F 775.089963 1200.834732 3.715534
F 737.453912 1176.447532 3.717551
F 699.817861 1152.060331 3.715534
F 662.181810 1127.673131 3.717551
F 662.181810 1127.673131 3.717551
F 624.545759 1103.285930 3.715534
F 586.909708 1078.898730 3.717551
F 549.273657 1054.511530 3.715534
F 549.273657 1054.511530 3.715534
F 511.637606 1030.124329 3.717551
F 474.001555 1005.737129 3.715534
F 436.514090 981.122803 3.729655
F 400.607816 954.863981 3.816401
F 400.607816 954.863981 3.816401
F 366.687117 925.282494 3.901129
F 335.545760 893.030927 3.987875
F 307.390131 858.366037 4.072603
F 282.269090 821.442774 4.157332
F 282.269090 821.442774 4.157332
F 260.487868 782.656636 4.244077
F 241.861184 741.493554 4.330823
F 227.218048 699.858872 4.417569
F 215.975563 656.457619 4.500280
F 215.975563 656.457619 4.500280
F 209.968335 611.359636 4.659650
F 211.434580 566.940825 4.831124
F 220.059210 524.046129 4.990494
F 220.059210 524.046129 4.990494
F 233.943685 485.493854 5.125655
F 253.454594 448.277572 5.264852
F 277.400537 414.595194 5.395979
F 277.400537 414.595194 5.395979
F 305.455941 384.489589 5.529124
F 336.568605 358.625398 5.650164
F 372.263404 336.126324 5.791378
F 410.067787 319.005985 5.924522
F 410.067787 319.005985 5.924522
F 449.476357 307.156182 6.057667
F 490.464864 300.670578 6.194846
F 531.955364 299.767313 0.044805
F 531.955364 299.767313 0.044805
F 576.371270 302.432589 0.075065
F 621.088055 305.840955 0.077083
F 665.804841 309.249322 0.075065
F 710.003024 312.573323 0.075065
F 710.003024 312.573323 0.075065
F 754.719809 315.981689 0.077083
F 799.607124 319.448597 0.077083
F 844.842402 322.942379 0.077083
F 889.559187 326.350746 0.075065
F 889.559187 326.350746 0.075065
F 934.275973 329.759112 0.077083
F 978.467360 333.172269 0.077083
F 1023.354675 336.639177 0.077083
F 1023.354675 336.639177 0.077083
F 1067.894025 340.079209 0.077083
F 1112.781340 343.546116 0.077083
F 1157.320690 346.986148 0.077083
F 1202.208005 350.453056 0.077083
F 1202.208005 350.453056 0.077083
F 1246.539830 354.282201 0.095239
F 1291.287817 360.524826 0.181984
F 1334.431644 371.939368 0.335302
F 1334.431644 371.939368 0.335302
F 1375.311331 390.246102 0.506776
F 1410.203287 413.026106 0.650008
F 1441.553189 440.221933 0.779117
F 1441.553189 440.221933 0.779117
F 1468.761429 470.863711 0.910245
F 1491.671680 504.421854 1.033302
F 1510.500704 541.404894 1.166447
F 1522.324601 576.418178 1.323800
F 1522.324601 576.418178 1.323800
F 1528.310980 612.528563 1.489221
F 1528.343236 649.133793 1.650609
F 1522.493066 685.268532 1.811996
F 1522.493066 685.268532 1.811996
F 1510.275861 721.058682 1.987505
F 1492.398542 753.593543 2.158979
F 1469.642825 782.263631 2.324401
F 1441.145671 809.496915 2.433337
F 1441.145671 809.496915 2.433337
F 1406.849466 838.931636 2.431320
F 1373.082932 867.911768 2.433337
F 1339.154646 896.971345 2.433337
F 1339.154646 896.971345 2.433337
F 1304.593606 926.633362 2.431320
F 1270.562237 955.840788 2.433337
F 1236.530867 985.048215 2.431320
F 1236.530867 985.048215 2.431320
F 1202.925879 1013.948615 2.431320
F 1168.894510 1043.156042 2.433337
F 1134.863141 1072.363469 2.431320
F 1100.831771 1101.570895 2.433337
F 1066.800402 1130.778322 2.431320
F 1066.800402 1130.778322 2.431320
F 1032.666202 1160.133847 2.431320
F 998.796607 1189.261809 2.431320
F 964.662407 1218.617333 2.431320
F 964.662407 1218.617333 2.431320
F 930.410138 1247.834819 2.439389
F 894.232490 1273.966397 2.592707
F 857.078456 1290.638342 2.846892
F 824.578530 1296.881945 3.056695
F 824.578530 1296.881945 3.056695
F 790.798186 1296.137917 3.270534
F 759.086997 1288.685629 3.474285
F 729.111115 1274.661569 3.684089
F 729.111115 1274.661569 3.684089
F 702.243875 1254.176188 3.901961
F 680.958601 1229.288868 4.107730
F 665.261773 1200.745117 4.311482
F 655.746476 1170.315564 4.507164
F 655.746476 1170.315564 4.507164
F 652.371196 1138.089852 4.708898
F 655.555257 1105.494601 4.910632
F 665.183067 1063.128918 4.961065
F 665.183067 1063.128918 4.961065
F 676.178346 1020.011280 4.963083
F 687.260402 976.735703 4.963083
F 698.429037 933.122035 4.963083
F 709.424515 890.184548 4.963083
F 709.424515 890.184548 4.963083
F 720.593149 846.570880 4.963083
F 731.761784 802.957212 4.963083
F 742.843840 759.681634 4.963083
F 754.012475 716.067966 4.963083
F 754.012475 716.067966 4.963083
F 767.027829 672.617756 5.043776
F 783.438719 630.896893 5.130522
F 803.402469 590.754691 5.217268
F 803.402469 590.754691 5.217268
F 826.639912 552.617894 5.301996
F 853.227502 516.302908 5.386724
F 882.482552 482.792786 5.473470
F 882.482552 482.792786 5.473470
F 914.809786 451.987288 5.570302
F 951.077781 425.701971 5.741776
F 990.986068 406.144126 5.913250
F 1030.614511 393.827173 6.050430
F 1030.614511 393.827173 6.050430
F 1070.818797 386.833273 6.171470
F 1111.052147 384.812411 0.011343
F 1152.426573 388.042630 0.144487
F 1194.724736 395.334427 0.196938
F 1194.724736 395.334427 0.196938
F 1238.533241 404.075279 0.196938
F 1282.341745 412.816131 0.196938
F 1325.807996 421.488696 0.196938
F 1325.807996 421.488696 0.196938
F 1370.120932 430.376680 0.198955
F 1413.569598 439.136913 0.198955
F 1457.702496 448.035102 0.198955
F 1501.835394 456.933292 0.198955
F 1501.835394 456.933292 0.198955
F 1545.626176 465.762503 0.198955
F 1589.578106 476.251195 0.269562
F 1632.081704 489.956601 0.354291
F 1632.081704 489.956601 0.354291
F 1673.094132 507.183526 0.441036
F 1713.077365 528.223815 0.527782
F 1750.378290 552.140219 0.612510
F 1750.378290 552.140219 0.612510
F 1785.149730 580.672236 0.761793
F 1814.713651 614.090665 0.931250
F 1837.429315 649.851092 1.078516
F 1855.330018 687.693035 1.179383
F 1855.330018 687.693035 1.179383
F 1872.505315 729.309134 1.179383
F 1889.414328 770.280021 1.179383
F 1905.216085 812.242595 1.241921
F 1917.830874 854.901311 1.324632
F 1917.830874 854.901311 1.324632
F 1926.850874 898.994390 1.413395
F 1931.991695 943.882302 1.500140
F 1933.255006 988.523069 1.584869
F 1933.255006 988.523069 1.584869
F 1930.681020 1033.281557 1.671614
F 1924.358315 1077.137877 1.756343
F 1914.026374 1121.480318 1.843088
F 1900.420957 1163.282815 1.927817
F 1900.420957 1163.282815 1.927817
F 1882.919722 1204.748282 2.012545
F 1861.729463 1244.848889 2.101308
F 1837.333090 1282.670776 2.186036
F 1837.333090 1282.670776 2.186036
F 1810.108255 1317.850238 2.272782
F 1779.701316 1350.795128 2.359528
F 1746.455594 1381.133225 2.444256
F 1711.315105 1408.123953 2.528984
F 1711.315105 1408.123953 2.528984
F 1674.060833 1432.764900 2.585470
F 1635.996240 1456.477652 2.583452
F 1597.807559 1480.321207 2.583452
F 1597.807559 1480.321207 2.583452
F 1559.914915 1503.979928 2.583452
F 1521.850321 1527.692680 2.585470
F 1483.785727 1551.405431 2.583452
F 1445.301011 1575.433820 2.583452
F 1445.301011 1575.433820 2.583452
F 1406.365737 1597.664785 2.662129
F 1366.537949 1616.274016 2.746857
F 1324.116993 1631.824422 2.833603
F 1324.116993 1631.824422 2.833603
F 1280.687945 1643.639494 2.918331
F 1236.885321 1652.383651 2.970782
F 1192.699179 1660.051294 2.968765
F 1148.856899 1667.659267 2.970782
F 1148.856899 1667.659267 2.970782
F 1104.834998 1675.252677 2.970782
F 1060.648856 1682.920320 2.968765
F 1016.462715 1690.587963 2.970782
F 1016.462715 1690.587963 2.970782
F 971.588851 1698.374947 2.968765
F 927.926159 1705.997131 2.968765
F 883.740017 1713.664774 2.970782
F 883.740017 1713.664774 2.970782
F 839.374196 1721.317507 2.970782
F 795.188054 1728.985151 2.968765
F 751.001912 1736.652794 2.970782
F 708.535075 1744.022085 2.968765
F 702.173646 1745.125987 2.970782
F 702.173646 1745.125987 2.970782
F 702.173646 1745.125987 2.970782
F 702.173646 1745.125987 2.970782
F 702.173646 1745.125987 2.970782
F 702.173646 1745.125987 2.970782
F 702.173646 1745.125987 2.970782
F 702.173646 1745.125987 2.970782
